             column1
            0.497553
            0.908361
            0.695659
            0.332250
            0.698693
            1.067790
            0.842613
            0.382121
            0.703532
            1.271968
            0.896152
            1.324683
            0.744450
            1.156212
            0.701395
            1.139592
            0.728065
            0.336359
            0.815233
            0.382837
            0.784889
            0.363167
            0.942181
            0.437531
            0.745432
            1.243254
            0.659587
            0.331993
            0.879578
            1.153486
            0.937088
            1.210176
            0.858283
            1.196142
            0.833250
            1.192180
            0.839306
            1.132370
            0.794775
            0.477470
            0.933585
            1.138237
            0.926851
            0.791748
            0.655887
            1.213062
            0.591690
            0.753865
            0.470974
            1.788159
            0.518440
            2.409917
            1.035867
            1.019788
            0.641345
            0.446186
            0.432911
            1.333542
            0.430422
            0.796744
            0.450082
            1.115681
            0.615242
            0.739407
            0.489800
            0.760039
            1.525559
            0.694039
            0.608824
            1.592807
            1.646175
            0.541844
            0.595621
            1.154053
            0.483524
            2.307270
            0.401523
            0.227296
            1.031350
            0.787263
            0.480354
            1.632031
            0.473705
            0.447618
            0.619134
            0.727342
            0.927525
            0.812211
            0.544265
            1.263079
            0.939355
            0.253134
            0.623139
            1.664917
            1.782470
            0.918852
            0.466973
            1.366378
            0.471980
            0.895958
            0.984682
            1.404211
            0.690310
            0.859039
            0.545321
            2.962693
            0.559834
            1.190202
            0.753762
            0.715892
            0.824453
            0.377528
            0.538770
            0.267642
            0.441340
            1.094158
            0.708834
            0.537319
            0.846751
            1.015681
            1.021480
            1.276141
            0.502345
            0.985565
            0.564377
            0.406736
            0.910077
            0.908158
            1.772248
            1.358857
            0.916173
            2.530099
            0.878529
            1.080926
            0.592538
            0.401116
            0.577077
            0.233524
            0.724144
            2.874860
            0.573765
            0.781260
            0.615106
            0.269652
            0.651294
            0.245553
            0.582235
            3.691706
            0.589978
            0.263334
            0.719013
            1.810619
            0.827495
            0.738456
            0.540695
            2.062029
            1.109733
            1.378263
            0.450467
            0.819792
            2.775122
            2.860412
            0.602583
            0.507667
            0.657579
            0.736962
            0.835675
            0.876511
            1.373559
            1.481473
            0.511782
            0.246998
            0.551668
            1.163522
            0.403127
            0.891525
            0.462039
            1.202884
            0.757422
            0.876291
            0.481086
            0.314681
            2.568074
            0.855350
            1.137421
            0.813025
            0.589379
            1.108192
            0.554560
            0.270967
            0.510498
            0.978297
            0.610338
            1.136950
            0.739904
            1.079777
            0.733742
            1.231119
            0.857819
            1.325629
            0.795684
            1.105285
            0.821337
            0.403457
            0.778175
            1.003048
            0.855332
            1.197473
            0.998889
            0.430093
            0.928567
            0.473610
            0.854628
            1.353680
            0.896718
            1.334876
            0.979527
            0.433053
            0.911149
            0.425786
            0.772671
            1.194138
            0.772711
            0.470342
            0.846624
            1.273015
            0.830492
            0.419021
            0.855648
            1.117097
            0.487368
            0.904949
            0.494079
            0.211283
            0.748285
            0.236258
            0.435833
            1.095397
            0.675021
            0.290394
            0.669315
            1.617768
            0.483494
            0.238933
            1.546758
            0.724028
            0.785468
            0.748314
            0.885050
            2.475803
            0.778813
            1.896069
            1.206231
            1.136577
            0.554702
            0.163191
            0.654375
            0.902339
            0.606395
            1.289393
            1.243073
            0.764367
            1.034260
            0.975907
            2.168146
            0.717803
            0.703388
            0.675831
            0.495694
            0.314556
            0.599665
            0.896980
            0.640828
            1.105899
            0.472854
            1.188795
            0.544422
            1.487476
            0.564814
            0.905101
            0.591597
            1.427800
            0.765818
            0.963293
            0.492158
            0.212504
            1.189296
            0.936490
            2.134923
            0.981496
            0.942600
            0.409192
            0.705037
            0.351020
            0.457005
            0.818938
            0.682710
            0.246605
            0.660811
            1.237864
            0.415128
            0.206570
            0.661695
            0.342520
            0.645248
            0.715641
            1.486480
            0.297727
            0.658802
            0.252708
            0.429947
            1.108320
            0.756118
            0.531707
            0.628369
            1.442280
            0.550316
            0.396763
            0.691084
            1.392186
            0.623520
            0.987782
            1.220401
            0.913827
            1.073673
            0.821171
            2.732574
            1.011085
            0.503590
            1.467089
            0.396334
            0.207329
            0.438200
            2.490453
            0.832123
            0.810304
            0.836390
            0.373688
            0.541648
            0.890321
            0.586244
            0.357320
            1.739516
            0.620902
            1.361340
            0.316838
            1.013854
            1.040494
            0.466649
            0.199247
            0.756287
            0.323124
            0.450814
            0.924002
            0.991071
            0.238074
            1.349175
            0.940903
            0.662118
            0.909436
            2.518251
            0.731389
            0.424171
            0.762094
            1.155243
            0.932251
            0.446226
            0.924181
            0.521884
            1.295962
            1.803272
            0.795610
            0.715162
            0.271970
            0.573197
            3.238765
            0.435013
            2.627602
            2.420535
            1.245317
            0.563623
            3.465947
            0.579147
            0.642262
            0.502845
            0.760405
            0.722080
            0.402196
            0.620111
            0.355386
            0.806647
            0.421732
            0.821986
            0.361050
            0.911765
            1.463528
            0.696724
            1.126470
            0.834541
            0.407398
            0.714881
            1.252226
            0.838903
            1.272974
            0.676510
            1.251991
            0.838170
            1.090059
            0.723286
            1.246737
            0.860281
            1.203757
            0.858037
            0.410269
            0.945045
            1.105774
            0.681719
            1.246031
            0.841742
            1.018161
            0.727860
            0.360724
            0.814816
            0.333229
            0.806969
            1.310837
            1.352762
            0.808294
            0.538502
            0.987491
            0.496614
            1.530436
            1.439420
            0.704013
            0.512161
            0.766678
            0.474457
            1.149474
            0.498005
            1.729093
            0.683183
            0.848668
            0.658179
            0.765957
            0.525602
            1.080687
            1.443109
            1.622973
            2.625626
            1.888982
            0.767323
            1.481577
            1.194211
            0.700017
            0.496969
            0.276614
            0.499884
            0.255174
            0.455722
            0.230814
            0.448492
            1.020330
            0.515319
            0.830085
            0.762146
            0.887848
            0.487847
            0.300929
            0.733541
            0.256808
            1.035498
            1.016496
            0.543606
            0.297698
            0.463455
            2.633472
            1.670965
            2.147422
            0.641564
            0.666783
            0.760165
            0.564064
            0.462666
            0.875457
            1.277249
            1.416840
            0.716733
            0.280467
            0.571987
            1.082782
            0.674886
            0.284796
            2.396871
            0.445938
            0.588147
            0.939737
            1.835010
            0.375909
            0.909621
            0.722332
            0.542532
            0.991768
            0.631552
            1.087650
            0.505714
            0.428163
            0.478753
            0.815042
            0.695650
            0.247743
            0.693964
            0.292679
            0.517074
            0.939414
            0.486492
            1.018016
            0.568671
            1.089226
            0.632859
            0.233525
            2.676763
            1.301002
            0.532813
            0.222832
            1.146071
            0.793858
            0.491571
            0.229667
            1.849127
            1.264291
            1.359849
            1.022661
            0.506460
            0.258982
            2.381510
            0.652194
            1.566554
            0.964349
            1.389322
            0.745088
            0.785461
            0.679621
            0.833753
            0.723337
            0.537780
            0.459246
            0.649536
            0.206885
            0.579685
            0.243069
            0.499889
            0.785228
            0.589155
            0.322459
            0.493800
            0.638696
            1.305470
            2.963074
            0.519655
            0.317791
            0.710303
            0.368827
            0.822440
            1.083129
            0.549362
            1.407277
            0.993794
            0.424249
            0.447223
            3.210657
            0.557271
            0.780343
            0.670484
            0.836946
            2.304353
            0.773913
            0.732146
            0.278747
            0.683400
            1.152795
            0.660285
            0.788472
            0.769065
            0.250776
            0.518820
            0.870032
            0.730940

