             column1
            1.029279
            1.370604
            0.929647
            1.230012
            0.756875
            1.024981
            0.637189
            1.385913
            0.654214
            0.890270
            0.761856
            1.141389
            0.604430
            1.387419
            0.700328
            0.390868
            0.664214
            1.219098
            0.915756
            1.531666
            0.618738
            0.287212
            0.668271
            0.893673
            0.484492
            0.801588
            0.582252
            0.209619
            1.372150
            1.444571
            0.499247
            0.750979
            0.918552
            2.265388
            1.313284
            0.918179
            0.803185
            1.944040
            0.605103
            1.961710
            0.633454
            1.909006
            0.514781
            0.221916
            0.481366
            0.291553
            0.765520
            1.858947
            0.552322
            0.274745
            0.710219
            0.798138
            0.663855
            0.960029
            1.203198
            1.424885
            0.688985
            1.367778
            1.301701
            0.402250
            1.517577
            2.393227
            1.338977
            1.061071
            0.619407
            2.695662
            0.725309
            0.902687
            0.749291
            1.285391
            0.491326
            1.322080
            0.846801
            0.991269
            0.519434
            1.213031
            1.038092
            1.716226
            0.732796
            0.967320
            0.667575
            0.860784
            0.547899
            1.370897
            2.701630
            3.767656
            0.644933
            1.185140
            0.659856
            0.682714
            0.536009
            1.790002
            0.533994
            0.934391
            0.608570
            0.764128
            0.564541
            1.087674
            1.186153
            3.275148
            0.979042
            1.215496
            0.669836
            0.365217
            0.663403
            1.134939
            0.721556
            0.308058
            0.691083
            0.283876
            0.891162
            1.012219
            0.616436
            0.934968
            0.627351
            0.902025
            0.592276
            0.713516
            0.780327
            0.432268
            0.594223
            1.283105
            0.545633
            1.134802
            1.393651
            0.297193
            0.554261
            0.993519
            1.307726
            0.397980
            0.582328
            1.292316
            0.595794
            0.756274
            1.343865
            0.783845
            0.676343
            1.903175
            0.824530
            0.248817
            1.823632
            0.927659
            1.051397
            1.551054
            1.040032
            0.256426
            0.587453
            1.418581
            1.040439
            0.787071
            0.637106
            0.357991
            0.568124
            0.205016
            1.311075
            0.793736
            0.673100
            0.373440
