             column1
            0.044660
            0.025521
            0.025185
            0.023619
            0.050186
            0.058207
            0.027637
            0.058245
            0.022269
            0.024851
            0.055223
            0.022539
            0.025032
            0.008194
            0.025059
            0.008261
            0.052417
            0.023590
            0.026329
            0.031303
            0.021927
            0.024826
            0.050113
            0.041457
            0.052207
            0.049810
            0.026711
            0.057051
            0.023422
            0.023875
            0.025090
            0.008130
            0.028218
            0.008166
            0.025059
            0.024904
            0.052204
            0.046829
            0.048126
            0.024629
            0.052264
            0.041399
            0.023974
            0.024831
            0.026783
            0.033136
            0.025069
            0.033181
            0.052734
            0.022231
            0.025067
            0.008220
            0.025519
            0.024781
            0.024704
            0.024886
            0.025448
            0.024861
            0.052488
            0.064845
            0.025046
            0.040382
            0.047950
            0.040931
            0.025059
            0.008211
            0.026145
            0.008189
            0.026768
            0.008199
            0.066711
            0.024895
            0.081213
            0.040937
            0.027766
            0.008227
            0.053112
            0.046371
            0.025531
            0.008250
            0.022342
            0.025825
            0.026910
            0.024772
            0.025460
            0.033088
            0.053001
            0.038301
            0.023320
            0.052301
            0.024347
            0.024894
            0.025108
            0.041515
            0.023324
            0.024925
            0.051461
            0.024466
            0.026036
            0.024895
            0.022993
            0.024890
            0.058140
            0.024126
            0.054478
            0.008678
            0.029498
            0.049863
            0.057305
            0.045399
            0.024264
            0.008240
            0.025039
            0.008256
            0.022054
            0.024866
            0.053994
            0.039710
            0.027377
            0.008232
            0.025068
            0.030786
            0.025735
            0.032818
            0.072695
            0.008334
            0.025004
            0.024889
            0.054065
            0.022930
            0.051813
            0.037749
            0.056080
            0.021439
            0.025046
            0.008239
            0.033399
            0.033203
            0.025377
            0.033236
            0.023103
            0.008252
            0.055252
            0.037919
            0.039035
            0.017526
            0.026793
            0.032860
            0.025398
            0.008226
            0.025396
            0.024905
            0.065677
            0.059197
            0.063595
            0.034258
            0.055401
            0.045891
            0.025395
            0.008204
            0.026786
            0.008231
            0.023292
            0.024892
            0.084919
            0.033413
            0.029888
            0.024876
            0.053577
            0.048098
            0.051373
            0.037467
            0.034369
            0.008243
            0.025079
            0.024879
            0.027164
            0.008176
            0.025037
            0.051230
            0.040407
            0.024893
            0.048640
            0.023156
            0.027784
            0.033182
            0.023429
            0.008211
            0.027079
            0.024893
            0.023004
            0.024876
            0.053762
            0.039249
            0.052292
            0.022362
            0.052213
            0.038640
            0.026381
            0.024867
            0.025357
            0.008229
            0.023029
            0.024874
            0.025082
            0.024886
            0.053661
            0.072251
            0.025701
            0.041510
            0.025432
            0.024880
            0.025105
            0.008198
            0.066092
            0.025112
            0.060446
            0.038815
            0.024044
            0.008190
            0.027227
            0.024804
            0.022989
            0.024870
            0.052562
            0.038033
            0.028098
            0.024895
            0.024754
            0.024816
            0.023411
            0.024959
            0.055840
            0.037310
            0.025055
            0.008243
            0.025052
            0.008238
            0.066101
            0.026073
            0.024845
            0.024909
            0.025014
            0.035156
            0.039784
            0.049887
            0.050542
            0.022308
            0.027107
            0.024889
            0.052086
            0.021833
            0.026099
            0.024881
            0.025089
            0.024841
            0.041293
            0.008230
            0.025066
            0.024910
            0.052496
            0.038894
            0.054124
            0.038080
            0.025011
            0.024884
            0.024702
            0.041335
            0.049998
            0.026140
            0.022274
            0.008229
            0.052822
            0.038788
            0.027147
            0.060484
            0.028991
            0.024875
            0.035531
            0.033290
            0.022870
            0.008251
            0.068334
            0.024953
            0.024974
            0.024881
            0.051292
            0.038609
            0.027153
            0.024909
            0.052361
            0.031586
            0.022321
            0.049791
            0.025042
            0.024884
            0.066708
            0.024882
            0.026748
            0.024859
            0.025079
            0.033209
            0.023360
            0.032206
            0.055534
            0.030854
            0.093737
            0.029035
            0.057306
            0.059250
            0.035018
            0.049795
            0.025133
            0.024867
            0.025493
            0.048803
            0.053762
            0.038475
            0.025053
            0.024876
            0.025061
            0.024884
            0.052935
            0.038033
            0.026064
            0.008232
            0.052798
            0.038400
            0.051761
            0.037104
            0.028125
            0.024880
            0.052653
            0.021322
            0.026023
            0.024928
            0.022944
            0.024878
            0.026727
            0.024882
            0.053183
            0.038857
            0.022923
            0.024911
            0.051598
            0.038946
            0.028172
            0.008230
            0.022988
            0.024861
            0.027154
            0.008250
            0.022968
            0.024898
            0.051781
            0.022097
            0.052152
            0.075413
            0.025484
            0.008273
            0.024629
            0.024908
            0.025003
            0.033237
            0.025478
            0.024882
            0.022942
            0.024882
            0.051821
            0.038734
            0.026100
            0.008230
            0.051266
            0.034748
            0.025044
            0.008233
            0.022331
            0.008239
            0.067670
            0.010699
            0.025058
            0.030745
            0.050914
            0.038756
            0.027608
            0.024888
            0.053557
            0.037382
            0.050410
            0.017957
            0.032340
            0.024876
            0.025425
            0.024885
            0.022952
            0.024887
            0.026734
            0.024938
            0.049873
            0.033372
            0.025439
            0.024908
            0.053225
            0.038368
            0.026483
            0.031857
            0.024546
            0.024915
            0.025693
            0.024636
            0.046954
            0.041483
            0.056519
            0.037086
            0.024061
            0.024895
            0.035683
            0.024698
            0.053349
            0.038828
            0.023022
            0.034835
            0.024844
            0.024886
            0.024672
            0.099806
            0.040012
            0.024905
            0.060127
            0.033047
            0.035204
            0.031880
            0.050664
            0.033204
            0.040739
            0.008193
            0.025442
            0.024880
            0.022934
            0.008237
            0.052309
            0.038255
            0.052829
            0.040804
            0.026144
            0.008240
            0.049989
            0.033894
            0.024421
            0.008240
            0.024686
            0.024906
            0.050250
            0.023935
            0.026164
            0.008285
            0.026351
            0.023572
            0.022888
            0.024865
            0.035177
            0.033562
            0.041384
            0.058189
            0.025045
            0.008233
            0.048005
            0.043609
            0.047812
            0.040890
            0.026087
            0.033788
            0.026616
            0.008246
            0.047879
            0.032172
            0.070419
            0.039454
            0.049447
            0.033203
            0.042341
            0.023243
            0.028186
            0.008269
            0.071405
            0.018033
            0.041785
            0.065422
            0.044523
            0.008237
            0.025048
            0.041542
            0.025368
            0.024907
            0.047570
            0.043714
            0.025328
            0.024916
            0.023522
            0.008248
            0.066104
            0.024899
            0.025044
            0.024888
            0.026880
            0.024867
            0.025054
            0.008236
            0.048338
            0.017152
            0.050512
            0.033036
            0.033362
            0.067659
            0.024757
            0.024898
            0.023248
            0.024876
            0.026873
            0.024900
            0.025293
            0.049129
            0.035453
            0.008252
            0.046955
            0.018076
            0.025058
            0.008232
            0.025307
            0.024910
            0.022918
            0.024896
            0.051544
            0.017184
            0.024792
            0.024898
            0.025294
            0.008244
            0.048425
            0.034604
            0.025290
            0.008243
            0.048173
            0.016950
            0.051062
            0.017017
            0.025654
            0.024902
            0.022288
            0.024890
            0.027185
            0.024902
            0.025051
            0.008244
            0.022907
            0.050328
            0.051428
            0.016879
            0.048515
            0.051150
            0.025040
            0.024921
            0.025266
            0.008237
            0.024826
            0.024887
            0.025271
            0.032087
            0.049776
            0.059394
            0.043200
            0.024905
            0.041687
            0.015296
            0.025686
            0.032387
            0.066880
            0.023757
            0.023985
            0.008245
            0.042749
            0.026055
            0.024834
            0.008236
            0.023065
            0.075443
            0.034798
            0.041541
            0.025055
            0.025682
            0.022295
            0.008224
            0.055250
            0.038025
            0.025501
            0.024912
            0.022871
            0.024878
            0.050795
            0.023118
            0.026111
            0.024874
            0.036135
            0.024134
            0.025841
            0.015439
            0.078903
            0.030459
            0.022250
            0.024883
            0.052450
            0.073445
            0.026801
            0.024899
            0.025042
            0.032488
            0.025176
            0.024900
            0.023563
            0.024884
            0.025049
            0.058213
            0.051914
            0.032828
            0.024915
            0.024901
            0.025046
            0.033235
            0.050688
            0.040903
            0.025145
            0.008248
            0.024994
            0.033197
            0.065297
            0.024904
            0.025042
            0.008235
            0.026505
            0.033240
            0.050564
            0.023196
            0.026106
            0.024904
            0.050782
            0.032485
            0.025051
            0.033214
            0.049342
            0.039104
            0.028188
            0.024896
            0.050906
            0.049057
            0.032505
            0.032597
            0.026509
            0.008249
            0.025043
            0.024899
            0.050759
            0.023026
            0.026179
            0.033221
            0.066269
            0.033638
            0.025085
            0.024907
            0.025011
            0.008253
            0.049462
            0.038934
            0.026799
            0.008239
            0.026461
            0.008244
            0.050942
            0.032322
            0.051120
            0.032801
            0.024397
            0.024888
            0.023606
            0.024889
            0.026487
            0.024897
            0.049605
            0.038791
            0.054251
            0.022703
            0.024772
            0.024893
            0.025060
            0.008239
            0.026483
            0.024891
            0.025031
            0.051106
            0.050979
            0.021320
            0.026443
            0.008246
            0.041751
            0.024874
            0.023605
            0.024895
            0.034828
            0.024897
            0.051182
            0.032038
            0.051384
            0.040247
            0.024994
            0.008288
            0.025002
            0.024893
            0.049971
            0.021782
            0.054533
            0.039051
            0.026221
            0.008253
            0.025067
            0.024900
            0.025027
            0.024898
            0.025064
            0.024899
            0.047355
            0.035908
            0.023602
            0.066522
            0.053838
            0.021115
            0.026474
            0.024900
            0.025040
            0.008251
            0.104607
            0.037499
            0.023015
            0.024894
            0.025049
            0.024894
            0.034877
            0.025437
            0.049616
            0.038131
            0.028852
            0.015459
            0.024186
            0.024904
            0.075874
            0.017159
            0.023567
            0.024899
            0.044300
            0.055754
            0.026906
            0.033213
            0.039702
            0.008247
            0.027043
            0.062569
            0.027037
            0.041530
            0.049941
            0.039793
            0.028369
            0.033224
            0.023561
            0.024911
            0.025038
            0.024897
            0.068013
            0.017808
            0.023948
            0.024902
            0.051910
            0.022429
            0.026718
            0.024895
            0.050754
            0.039605
            0.048686
            0.039734
            0.028365
            0.008231
            0.023591
            0.008242
            0.027577
            0.008267
            0.023962
            0.008250
            0.066078
            0.025525
            0.026076
            0.008250
            0.054810
            0.040699
            0.028414
            0.024883
            0.052113
            0.038834
            0.074148
            0.008754
            0.041178
            0.008743
            0.057917
            0.010700
            0.031352
            0.060053
            0.023990
            0.033239
            0.025308
            0.024879
            0.032335
            0.030868
            0.051190
            0.035207
            0.023747
            0.024888
            0.026349
            0.024901
            0.025267
            0.024901
            0.024827
            0.049869
            0.049110
            0.055980
            0.028416
            0.024909
            0.047951
            0.042162
            0.026270
            0.008249
            0.025275
            0.008245
            0.024812
            0.008263
            0.023779
            0.008241
            0.025048
            0.024892
            0.053793
            0.021946
            0.065883
            0.024919
            0.049524
            0.025411
            0.025003
            0.024889
            0.026588
            0.024913
            0.049055
            0.022440
            0.026976
            0.024899
            0.026528
            0.024876
            0.023585
            0.008243
            0.068175
            0.008246
            0.024747
            0.024906
            0.025343
            0.024897
            0.049232
            0.038945
            0.059161
            0.035850
            0.048062
            0.025300
            0.026591
            0.024900
            0.023531
            0.008232
            0.025057
            0.050771
            0.040841
            0.024906
            0.026246
            0.008245
            0.023862
            0.008216
            0.049723
            0.034740
            0.049738
            0.038754
            0.028403
            0.024899
            0.024742
            0.024921
            0.025050
            0.024873
            0.052923
            0.022330
            0.048308
            0.041870
            0.026128
            0.024898
            0.025044
            0.024893
            0.024291
            0.008253
            0.025032
            0.024486
            0.049950
            0.041590
            0.027499
            0.039084
            0.064796
            0.010180
            0.026531
            0.025224
            0.052354
            0.038122
            0.026731
            0.033225
            0.022635
            0.024935
            0.053499
            0.021448
            0.025033
            0.024901
            0.035131
            0.033231
            0.023274
            0.058197
            0.026210
            0.033221
            0.025671
            0.066230
            0.024716
            0.024892
            0.040573
            0.024904
            0.057584
            0.035480
            0.023529
            0.025302
            0.026412
            0.024900
            0.070017
            0.034541
            0.051988
            0.041365
            0.054495
            0.022070
            0.032246
            0.014195
            0.028550
            0.008243
            0.032263
            0.022496
            0.028178
            0.024895
            0.050394
            0.038074
            0.028151
            0.008242
            0.023973
            0.049867
            0.025039
            0.041541
            0.051644
            0.021292
            0.028136
            0.024913
            0.023961
            0.024889
            0.025050
            0.024905
            0.051728
            0.021178
            0.028131
            0.024906
            0.050490
            0.064795
            0.054594
            0.038655
            0.023567
            0.024880
            0.026165
            0.008249
            0.025416
            0.008247
            0.050297
            0.032576
            0.026229
            0.023692
            0.025429
            0.008248
            0.024669
            0.024893
            0.053488
            0.022043
            0.053585
            0.019473
            0.052046
            0.037695
            0.028161
            0.024879
            0.025453
            0.024904
            0.031913
            0.008228
            0.026521
            0.008286
            0.023548
            0.024893
            0.067193
            0.025875
            0.024622
            0.024897
            0.050854
            0.032396
            0.065605
            0.024897
            0.026517
            0.024899
            0.051151
            0.022808
            0.025592
            0.024902
            0.025498
            0.024893
            0.025048
            0.024904
            0.023528
            0.024899
            0.052738
            0.022724
            0.025565
            0.050861
            0.040740
            0.008245
            0.048141
            0.040356
            0.027406
            0.032891
            0.025061
            0.024905
            0.049299
            0.040195
            0.028604
            0.008249
            0.053524
            0.021557
            0.025024
            0.008250
            0.023434
            0.024892
            0.026544
            0.008253
            0.023546
            0.024890
            0.026054
            0.008270
            0.051096
            0.055864
            0.033938
            0.024591
            0.025040
            0.024895
            0.049576
            0.040073
            0.027027
            0.008246
            0.033376
            0.024892
            0.068143
            0.008247
            0.024521
            0.033241
            0.025557
            0.033230
            0.100661
            0.047379
            0.053431
            0.038939
            0.049163
            0.039851
            0.029250
            0.014117
            0.026876
            0.024899
            0.023552
            0.008568
            0.026845
            0.024919
            0.023215
            0.024894
            0.065291
            0.019788
            0.047614
            0.039742
            0.035777
            0.024890
            0.025055
            0.022530
            0.071508
            0.039088
            0.026839
            0.024878
            0.050301
            0.024652
            0.045840
            0.027280
            0.033377
            0.030824
            0.029247
            0.065373
            0.024415
            0.024894
            0.025700
            0.024912
            0.048297
            0.041936
            0.055610
            0.021162
            0.025067
            0.024879
            0.024518
            0.008246
            0.025044
            0.024910
            0.024113
            0.008242
            0.026492
            0.024896
            0.051173
            0.038590
            0.055703
            0.037692
            0.025042
            0.024908
            0.024525
            0.008253
            0.025549
            0.024900
            0.048153
            0.083225
            0.026897
            0.008251
            0.025039
            0.024903
            0.049495
            0.033776
            0.024478
            0.024896
            0.025049
            0.058196
            0.048797
            0.041467
            0.025423
            0.024904
            0.025994
            0.024896
            0.025568
            0.024907
            0.024516
            0.008245
            0.050181
            0.018333
            0.022404
            0.024675
            0.059318
            0.024930
            0.025542
            0.024908
            0.024507
            0.024902
            0.049188
            0.022649
            0.028656
            0.008262
            0.049766
            0.033485
            0.048539
            0.041176
            0.026368
            0.008240
            0.026964
            0.023517
            0.023548
            0.008245
            0.025056
            0.008250
            0.050289
            0.039152
            0.028129
            0.008253
            0.024108
            0.008249
            0.025080
            0.024894
            0.026480
            0.058206
            0.023845
            0.024684
            0.050121
            0.066002
            0.025464
            0.024896
            0.050478
            0.038937
            0.028101
            0.033225
            0.049406
            0.017224
            0.025530
            0.024910
            0.025042
            0.008239
            0.050085
            0.017980
            0.023081
            0.024894
            0.025578
            0.024894
            0.025039
            0.008272
            0.099442
            0.010250
            0.064275
            0.033637
            0.034489
            0.024904
            0.022975
            0.024903
            0.025041
            0.008242
            0.027121
            0.064048
            0.049961
            0.039878
            0.052866
            0.033488
            0.041695
            0.015210
            0.028358
            0.008250
            0.025041
            0.031752
            0.023647
            0.024900
            0.060090
            0.042702
            0.023063
            0.033233
            0.035365
            0.022269
            0.042831
            0.024903
            0.066172
            0.059322
            0.025027
            0.023799
            0.048750
            0.017093
            0.027813
            0.008239
            0.048099
            0.033168
            0.024108
            0.008222
            0.027998
            0.024896
            0.022262
            0.024743
            0.052077
            0.034153
            0.047808
            0.021912
            0.028205
            0.008248
            0.024125
            0.024894
            0.027996
            0.024906
            0.048218
            0.039957
            0.025483
            0.024892
            0.026473
            0.008266
            0.033063
            0.024901
            0.065599
            0.008397
            0.048166
            0.037894
            0.022223
            0.030818
            0.041692
            0.036449
            0.025465
            0.008245
            0.025045
            0.024898
            0.058374
            0.041554
            0.040279
            0.025066
            0.025048
            0.008239
            0.025780
            0.033263
            0.058546
            0.032297
            0.026262
            0.008228
            0.047217
            0.044385
            0.049860
            0.039800
            0.025581
            0.008240
            0.026418
            0.033230
            0.023797
            0.008243
            0.026291
            0.066528
            0.024505
            0.008260
            0.047863
            0.035930
            0.024484
            0.024893
            0.025612
            0.008248
            0.025045
            0.008247
            0.023691
            0.058210
            0.026402
            0.049892
            0.025033
            0.024895
            0.041140
            0.008252
            0.024222
            0.024902
            0.049053
            0.018987
            0.024420
            0.008246
            0.050728
            0.039477
            0.026988
            0.024900
            0.024486
            0.008247
            0.049706
            0.038760
            0.028694
            0.024897
            0.024495
            0.008254
            0.024228
            0.024891
            0.049111
            0.035542
            0.023640
            0.008246
            0.058533
            0.008232
            0.065953
            0.009642
            0.024271
            0.024890
            0.028037
            0.008242
            0.022842
            0.024904
            0.025043
            0.034255
            0.049323
            0.054985
            0.027184
            0.024902
            0.025033
            0.024886
            0.051139
            0.021495
            0.051466
            0.035421
            0.032794
            0.024899
            0.025592
            0.024943
            0.024457
            0.008249
            0.025589
            0.008259
            0.050650
            0.040397
            0.024239
            0.008260
            0.025046
            0.024897
            0.057632
            0.034160
            0.066514
            0.024882
            0.025778
            0.025996
            0.023215
            0.033222
            0.071120
            0.030624
            0.049469
            0.046266
            0.027385
            0.024906
            0.051818
            0.014084
            0.026954
            0.033272
            0.023767
            0.024911
            0.041009
            0.026314
            0.076113
            0.024892
            0.041673
            0.024914
            0.047542
            0.043436
            0.026781
            0.033210
            0.025047
            0.008246
            0.048950
            0.020635
            0.054752
            0.021912
            0.057306
            0.037890
            0.025041
            0.024894
            0.025052
            0.031462
            0.023811
            0.008247
            0.025792
            0.024909
            0.025034
            0.008250
            0.065283
            0.009665
            0.025051
            0.024896
            0.025126
            0.051715
            0.049391
            0.053782
            0.028191
            0.008244
            0.025044
            0.024901
            0.052420
            0.021087
            0.050236
            0.034886
            0.024580
            0.008252
            0.025498
            0.024895
            0.024598
            0.024908
            0.052270
            0.021237
            0.026482
            0.008246
            0.025502
            0.057965
            0.041904
            0.024901
            0.024606
            0.024897
            0.025491
            0.024890
            0.023831
            0.008247
            0.051168
            0.060141
            0.049160
            0.036982
            0.028635
            0.008237
            0.023832
            0.041530
            0.025826
            0.024904
            0.025498
            0.008237
            0.023773
            0.024893
            0.025879
            0.024918
            0.051060
            0.073047
            0.053319
            0.020994
            0.026421
            0.025087
            0.025298
            0.024914
            0.024590
            0.024904
            0.025482
            0.008275
            0.050202
            0.023577
            0.053421
            0.037397
            0.026937
            0.008232
            0.025052
            0.024893
            0.024614
            0.049880
            0.035709
            0.008248
            0.022714
            0.008274
            0.025465
            0.008253
            0.052431
            0.037282
            0.052392
            0.023287
            0.025706
            0.024894
            0.027411
            0.039661
            0.024570
            0.024899
            0.065289
            0.009734
            0.024971
            0.024892
            0.033815
            0.024901
            0.023718
            0.008243
            0.079048
            0.071718
            0.041685
            0.025940
            0.023090
            0.008253
            0.026989
            0.014091
            0.063143
            0.029905
            0.025448
            0.033221
            0.025043
            0.033223
            0.048156
            0.009719
            0.051182
            0.032509
            0.062931
            0.010641
            0.026961
            0.023888
            0.070141
            0.030808
            0.023046
            0.024938
            0.052168
            0.037034
            0.028327
            0.024902
            0.025051
            0.030294
            0.037368
            0.023837
            0.025446
            0.024871
            0.025047
            0.008248
            0.024673
            0.008247
            0.047222
            0.084538
            0.028850
            0.008247
            0.022711
            0.024890
            0.024069
            0.024904
            0.028367
            0.030131
            0.025782
            0.024906
            0.051660
            0.038981
            0.058458
            0.019780
            0.025040
            0.024903
            0.044938
            0.017813
            0.027568
            0.032176
            0.027414
            0.024914
            0.055459
            0.034135
            0.024645
            0.008236
            0.027453
            0.008251
            0.021715
            0.058479
            0.025697
            0.008305
            0.025369
            0.023755
            0.025818
            0.024891
            0.051561
            0.072431
            0.033350
            0.033184
            0.026394
            0.024920
            0.047127
            0.042588
            0.026502
            0.008264
            0.025023
            0.033229
            0.032374
            0.024890
            0.052745
            0.036483
            0.028755
            0.024892
            0.051399
            0.065174
            0.025046
            0.023728
            0.026218
            0.041548
            0.023676
            0.008255
            0.066894
            0.026075
            0.024628
            0.024906
            0.025448
            0.008286
            0.024602
            0.024889
            0.047785
            0.025684
            0.026528
            0.024897
            0.052023
            0.022135
            0.026207
            0.008255
            0.023612
            0.008242
            0.026487
            0.024891
            0.051414
            0.036429
            0.029391
            0.023878
            0.027661
            0.021356
            0.025048
            0.008241
            0.066718
            0.049856
            0.057787
            0.026379
            0.024057
            0.008265
            0.034728
            0.008246
            0.024672
            0.024888
            0.048010
            0.035279
            0.026062
            0.023871
            0.027513
            0.008240
            0.022589
            0.024892
            0.060601
            0.021875
            0.034516
            0.024904
            0.025040
            0.008244
            0.058349
            0.041588
            0.051754
            0.021741
            0.057349
            0.035266
            0.025397
            0.033218
            0.025053
            0.024892
            0.065565
            0.026022
            0.025047
            0.024894
            0.027204
            0.008244
            0.021587
            0.008248
            0.025974
            0.008245
            0.067088
            0.024901
            0.025041
            0.032100
            0.025768
            0.031420
            0.054062
            0.021655
            0.051955
            0.018253
            0.039099
            0.008245
            0.025458
            0.033244
            0.027196
            0.024905
            0.050383
            0.032889
            0.021512
            0.024906
            0.025955
            0.024900
            0.027676
            0.024896
            0.045715
            0.034909
            0.027665
            0.024902
            0.022425
            0.008254
            0.023994
            0.025007
            0.054047
            0.032784
            0.051064
            0.020287
            0.028620
            0.024899
            0.021472
            0.008243
            0.028630
            0.024897
            0.021472
            0.058199
            0.028665
            0.008233
            0.025048
            0.083191
            0.057099
            0.032249
            0.027281
            0.008247
            0.045756
            0.018135
            0.024013
            0.008249
            0.026074
            0.025048
            0.027608
            0.008249
            0.022336
            0.024890
            0.048643
            0.041429
            0.062592
            0.029834
            0.025707
            0.008249
            0.023993
            0.008242
            0.049905
            0.039316
            0.027431
            0.024888
            0.026552
            0.023765
            0.025714
            0.008235
            0.024031
            0.024896
            0.052815
            0.056962
            0.041176
            0.024898
            0.063271
            0.027834
            0.025985
            0.023757
            0.026191
            0.008247
            0.051483
            0.040110
            0.024542
            0.024887
            0.025560
            0.023748
            0.049614
            0.017653
            0.023989
            0.024899
            0.026109
            0.024891
            0.052065
            0.039987
            0.025043
            0.024936
            0.024504
            0.024894
            0.025554
            0.010564
            0.071141
            0.024907
            0.063408
            0.021564
            0.048399
            0.034173
            0.025543
            0.024902
            0.024540
            0.008241
            0.025048
            0.024895
            0.050393
            0.039662
            0.043713
            0.024915
            0.023450
            0.008299
            0.055501
            0.042028
            0.064606
            0.029767
            0.024610
            0.024890
            0.026605
            0.024899
            0.052039
            0.039548
            0.025043
            0.023721
            0.026276
            0.024886
            0.024484
            0.008263
            0.049395
            0.040633
            0.054249
            0.039400
            0.025045
            0.024891
            0.025493
            0.040572
            0.025581
            0.008276
            0.048755
            0.022186
            0.056291
            0.022630
            0.025008
            0.023730
            0.026640
            0.014045
            0.059452
            0.018020
            0.050018
            0.024895
            0.041696
            0.014034
            0.025528
            0.074841
            0.025056
            0.008246
            0.027944
            0.024086
            0.053763
            0.044250
            0.026436
            0.045718
            0.027804
            0.033213
            0.058804
            0.021905
            0.029490
            0.008207
            0.048946
            0.041695
            0.025533
            0.033224
            0.027459
            0.024884
            0.029615
            0.033216
            0.041687
            0.008244
            0.025929
            0.008239
            0.053144
            0.041374
            0.022119
            0.033212
            0.027980
            0.066529
            0.047066
            0.023367
            0.029526
            0.008248
            0.023079
            0.008255
            0.052336
            0.024583
            0.022084
            0.008246
            0.050208
            0.023183
            0.027093
            0.032046
            0.024828
            0.008245
            0.025958
            0.008246
            0.023919
            0.024899
            0.026174
            0.008244
            0.025537
            0.023717
            0.067869
            0.024901
            0.057865
            0.024887
            0.025049
            0.024890
            0.063195
            0.027483
            0.028896
            0.030751
            0.053091
            0.024338
            0.029475
            0.024691
            0.026156
            0.033691
            0.041276
            0.024888
            0.025053
            0.024875
            0.050657
            0.022807
            0.048455
            0.018736
            0.026525
            0.024741
            0.023480
            0.024887
            0.026773
            0.036326
            0.038610
            0.008235
            0.024455
            0.024891
            0.025046
            0.024893
            0.050819
            0.039197
            0.026628
            0.024894
            0.025049
            0.024894
            0.047142
            0.040931
            0.027421
            0.024901
            0.035079
            0.024900
            0.053267
            0.032385
            0.062103
            0.026494
            0.025064
            0.008250
            0.025047
            0.034286
            0.040639
            0.024901
            0.024077
            0.024904
            0.051040
            0.040300
            0.026231
            0.024895
            0.025591
            0.033087
            0.050853
            0.038767
            0.055537
            0.038138
            0.024398
            0.007429
            0.025979
            0.034142
            0.055813
            0.033233
            0.049027
            0.040602
            0.069422
            0.032418
            0.025452
            0.024890
            0.026762
            0.008243
            0.023343
            0.008245
            0.026759
            0.024753
            0.047219
            0.040452
            0.062433
            0.024741
            0.025179
            0.024893
            0.053746
            0.037855
            0.023313
            0.024884
            0.026795
            0.024891
            0.024521
            0.024880
            0.023883
            0.024866
            0.066293
            0.026476
            0.025600
            0.008230
            0.047203
            0.017992
            0.025905
            0.024885
            0.023903
            0.024889
            0.025051
            0.032281
            0.034636
            0.024616
            0.052899
            0.021562
            0.056068
            0.023497
            0.022034
            0.024857
            0.025615
            0.024877
            0.025063
            0.046996
            0.038795
            0.008234
            0.025053
            0.008244
            0.021103
            0.024877
            0.055629
            0.037427
            0.058453
            0.020693
            0.020797
            0.008249
            0.024441
            0.033221
            0.032576
            0.008245
            0.026444
            0.008232
            0.051397
            0.039608
            0.054892
            0.037220
            0.023366
            0.008231
            0.058778
            0.008172
            0.025848
            0.033217
            0.025045
            0.051988
            0.023523
            0.041553
            0.023319
            0.008241
            0.049566
            0.017392
            0.025058
            0.008246
            0.026412
            0.024740
            0.024638
            0.008243
            0.055982
            0.036180
            0.024457
            0.024895
            0.052283
            0.039301
            0.025976
            0.008242
            0.025060
            0.023962
            0.025609
            0.008252
            0.051876
            0.020876
            0.026674
            0.008244
            0.025055
            0.024892
            0.052592
            0.039012
            0.056012
            0.036092
            0.024515
            0.024892
            0.025050
            0.008234
            0.052757
            0.038836
            0.025559
            0.024888
            0.024553
            0.008242
            0.025052
            0.024891
            0.048464
            0.017283
            0.025065
            0.024576
            0.026684
            0.066531
            0.023713
            0.024701
            0.058562
            0.024546
            0.026248
            0.024896
            0.025049
            0.008243
            0.048249
            0.035498
            0.102603
            0.022680
            0.023285
            0.008226
            0.026411
            0.008237
            0.050836
            0.022766
            0.040889
            0.027447
            0.024613
            0.033215
            0.042136
            0.058224
            0.068951
            0.021738
            0.041696
            0.025785
            0.041686
            0.014021
            0.076681
            0.014914
            0.058740
            0.008228
            0.027216
            0.014035
            0.025425
            0.024884
            0.026794
            0.008217
            0.053056
            0.019811
            0.027124
            0.024875
            0.024631
            0.024893
            0.025053
            0.008246
            0.048460
            0.018544
            0.048479
            0.039019
            0.027435
            0.008236
            0.054895
            0.019674
            0.026701
            0.008239
            0.023757
            0.024889
            0.026348
            0.024898
            0.053847
            0.019475
            0.026683
            0.024896
            0.025040
            0.008243
            0.053948
            0.019341
            0.027037
            0.024909
            0.025036
            0.056457
            0.026456
            0.008246
            0.051440
            0.053080
            0.027427
            0.008221
            0.025058
            0.008238
            0.055291
            0.037644
            0.025932
            0.008246
            0.064947
            0.024397
            0.026394
            0.008239
            0.054065
            0.019209
            0.026720
            0.024894
            0.025083
            0.008238
            0.025331
            0.008231
            0.023392
            0.024891
            0.025059
            0.050499
            0.026074
            0.066412
            0.024892
            0.024925
            0.049832
            0.050303
            0.025056
            0.008239
            0.025055
            0.024900
            0.058382
            0.008232
            0.023402
            0.024885
            0.026709
            0.008237
            0.024745
            0.024888
            0.054316
            0.037285
            0.023671
            0.008235
            0.058739
            0.017874
            0.049116
            0.041208
            0.025045
            0.024882
            0.026308
            0.024786
            0.027995
            0.008240
            0.020978
            0.030421
            0.065298
            0.034618
            0.036204
            0.024883
            0.057778
            0.035026
            0.023823
            0.008238
            0.050676
            0.032596
            0.025045
            0.024889
            0.025916
            0.033217
            0.058298
            0.024144
            0.055205
            0.045519
            0.024216
            0.024894
            0.025050
            0.008236
            0.026200
            0.033127
            0.058249
            0.023974
            0.033380
            0.024885
            0.026150
            0.066684
            0.023778
            0.024887
            0.034510
            0.008234
            0.025064
            0.074740
            0.024828
            0.008237
            0.024282
            0.008230
            0.025060
            0.008238
            0.051355
            0.016380
            0.062470
            0.021303
            0.041692
            0.032338
            0.041699
            0.009125
            0.070863
            0.036514
            0.041695
            0.024901
            0.025364
            0.033083
            0.049003
            0.016646
            0.025055
            0.024404
            0.025052
            0.024883
            0.035493
            0.062062
            0.046187
            0.049879
            0.041681
            0.024899
            0.039573
            0.008255
            0.049628
            0.034881
            0.023777
            0.024884
            0.034915
            0.024885
            0.057766
            0.033854
            0.033355
            0.024884
            0.050486
            0.023399
            0.025053
            0.024400
            0.026596
            0.024902
            0.024753
            0.008242
            0.023793
            0.049878
            0.050849
            0.032934
            0.025078
            0.033190
            0.026053
            0.024779
            0.025167
            0.024782
            0.050729
            0.032650
            0.048209
            0.034749
            0.025889
            0.024045
            0.025045
            0.024893
            0.046755
            0.018164
            0.027022
            0.008235
            0.049412
            0.021608
            0.027428
            0.008241
            0.026325
            0.024880
            0.023798
            0.024882
            0.051080
            0.038135
            0.046325
            0.024207
            0.024765
            0.024874
            0.023834
            0.024887
            0.048094
            0.036403
            0.049904
            0.021370
            0.021188
            0.008242
            0.025052
            0.024065
            0.047137
            0.017744
            0.025537
            0.024891
            0.026309
            0.024885
            0.023803
            0.008234
            0.026547
            0.008237
            0.024824
            0.024888
            0.056632
            0.026644
            0.025048
            0.024891
            0.025260
            0.049875
            0.024840
            0.047049
            0.035488
            0.008239
            0.032820
            0.008261
            0.052331
            0.024073
            0.025042
            0.024786
            0.096437
            0.041339
            0.028016
            0.033251
            0.042351
            0.033222
            0.032687
            0.008241
            0.051907
            0.032238
            0.025040
            0.024770
            0.025177
            0.033091
            0.075166
            0.031719
            0.041697
            0.017164
            0.025703
            0.024895
            0.051366
            0.040464
            0.047050
            0.035957
            0.025267
            0.024757
            0.024971
            0.041539
            0.050233
            0.024770
            0.047351
            0.017459
            0.025469
            0.079442
            0.037163
            0.008227
            0.026290
            0.034045
            0.027583
            0.029966
            0.023708
            0.008236
            0.026295
            0.024889
            0.050511
            0.020784
            0.023724
            0.008241
            0.028805
            0.024884
            0.025054
            0.025495
            0.058910
            0.033537
            0.047281
            0.042287
            0.052386
            0.037311
            0.027483
            0.024875
            0.025059
            0.024885
            0.052043
            0.033221
            0.062358
            0.029256
            0.024410
            0.041539
            0.049868
            0.024853
            0.041705
            0.025716
            0.065981
            0.033109
            0.051717
            0.073368
            0.025062
            0.024858
            0.025065
            0.033099
            0.041622
            0.024887
            0.060224
            0.039910
            0.023570
            0.008229
            0.026307
            0.047750
            0.035521
            0.024890
            0.025236
            0.024903
            0.023582
            0.024881
            0.026404
            0.008222
            0.050792
            0.031793
            0.025849
            0.008240
            0.023613
            0.024888
            0.049260
            0.066827
            0.025509
            0.033211
            0.052239
            0.031682
            0.025048
            0.008237
            0.025860
            0.024786
            0.024971
            0.024896
            0.025230
            0.024763
            0.051042
            0.020197
            0.046842
            0.031910
            0.047905
            0.018505
            0.025855
            0.032421
            0.025232
            0.008232
            0.024871
            0.024900
            0.023814
            0.008234
            0.052057
            0.024135
            0.025844
            0.024097
            0.025213
            0.024758
            0.051681
            0.018348
            0.022380
            0.024099
            0.058383
            0.024883
            0.025059
            0.008249
            0.025043
            0.032948
            0.025448
            0.024798
            0.051120
            0.048148
            0.025668
            0.024893
            0.025151
            0.024792
            0.025055
            0.059004
            0.050451
            0.032008
            0.025167
            0.024766
            0.025053
            0.024898
            0.023727
            0.024879
            0.025047
            0.025553
            0.025821
            0.024789
            0.051262
            0.019945
            0.027462
            0.008243
            0.025064
            0.039118
            0.046834
            0.040135
            0.025842
            0.065738
            0.057047
            0.025584
            0.041700
            0.030122
            0.047382
            0.031347
            0.068041
            0.022141
            0.026315
            0.033224
            0.050097
            0.023046
            0.026936
            0.033115
            0.025063
            0.008245
            0.025074
            0.039750
            0.025525
            0.066510
            0.026429
            0.008236
            0.041657
            0.024894
            0.041691
            0.025682
            0.051387
            0.039490
            0.025048
            0.024886
            0.023640
            0.052758
            0.073749
            0.022884
            0.026821
            0.008240
            0.025790
            0.013988
            0.035952
            0.065735
            0.067101
            0.041153
            0.025092
            0.024885
            0.023648
            0.024883
            0.027186
            0.033227
            0.024322
            0.024790
            0.050619
            0.032713
            0.052737
            0.022139
            0.023695
            0.025631
            0.057244
            0.022895
            0.021253
            0.024886
            0.027765
            0.008253
            0.028553
            0.008235
            0.026392
            0.025662
            0.052140
            0.033861
            0.028514
            0.024879
            0.026472
            0.066434
            0.023753
            0.024889
            0.026439
            0.024794
            0.050730
            0.039077
            0.026855
            0.008246
            0.052783
            0.055411
            0.023739
            0.024877
            0.034793
            0.024898
            0.025049
            0.008227
            0.052894
            0.033872
            0.022237
            0.008241
            0.051739
            0.072412
            0.025101
            0.024886
            0.025058
            0.024887
            0.025153
            0.024742
            0.050946
            0.032321
            0.025816
            0.065743
            0.025097
            0.024788
            0.025104
            0.008249
            0.025102
            0.024791
            0.023718
            0.024888
            0.054619
            0.038416
            0.023586
            0.008235
            0.059153
            0.024136
            0.025040
            0.024885
            0.052454
            0.032191
            0.023654
            0.033349
            0.026359
            0.041453
            0.023729
            0.008241
            0.026467
            0.024789
            0.025106
            0.024892
            0.023693
            0.024904
            0.048972
            0.035071
            0.067214
            0.024983
            0.051096
            0.021909
            0.025578
            0.030770
            0.020550
            0.024785
            0.025099
            0.024889
            0.053592
            0.021311
            0.023747
            0.024881
            0.026380
            0.058205
            0.025018
            0.008230
            0.051344
            0.031964
            0.023722
            0.024937
            0.026338
            0.008236
            0.023721
            0.025796
            0.082917
            0.022017
            0.044128
            0.022437
            0.021227
            0.008239
            0.024365
            0.008227
            0.040341
            0.058187
            0.052728
            0.021676
            0.066619
            0.023282
            0.020995
            0.008244
            0.040450
            0.040732
            0.026292
            0.008255
            0.040437
            0.024906
            0.049595
            0.022919
            0.021695
            0.023780
            0.026649
            0.063513
            0.026345
            0.033211
            0.023745
            0.024891
            0.026258
            0.008242
            0.025156
            0.024904
            0.048435
            0.034353
            0.102046
            0.040732
            0.053055
            0.037755
            0.025038
            0.033096
            0.023832
            0.033204
            0.049926
            0.034204
            0.054451
            0.037583
            0.023822
            0.024866
            0.025016
            0.024877
            0.050055
            0.034072
            0.025433
            0.024898
            0.051761
            0.037969
            0.025652
            0.024893
            0.026224
            0.008239
            0.025052
            0.008238
            0.045924
            0.024502
            0.022045
            0.008246
            0.025079
            0.024930
            0.027983
            0.029440
            0.023836
            0.033401
            0.052973
            0.021234
            0.026778
            0.045877
            0.021533
            0.008249
            0.025073
            0.040789
            0.040430
            0.050736
            0.025038
            0.008235
            0.025408
            0.041533
            0.049176
            0.041243
            0.026200
            0.008245
            0.025171
            0.024879
            0.025050
            0.024894
            0.023775
            0.008240
            0.053382
            0.020977
            0.026921
            0.008239
            0.057043
            0.008233
            0.026379
            0.024889
            0.049214
            0.016982
            0.054614
            0.020697
            0.052201
            0.037500
            0.025637
            0.024888
            0.026230
            0.024889
            0.025059
            0.024879
            0.023878
            0.051477
            0.066375
            0.024781
            0.025165
            0.024913
            0.024946
            0.008227
            0.046479
            0.024018
            0.036602
            0.024887
            0.026351
            0.035674
            0.022214
            0.008229
            0.049942
            0.050008
            0.025419
            0.024900
            0.024936
            0.024894
            0.025157
            0.008243
            0.024946
            0.024984
            0.023811
            0.024874
            0.025048
            0.024884
            0.051003
            0.016536
            0.025064
            0.049861
            0.042053
            0.024898
            0.066647
            0.008250
            0.025042
            0.024787
            0.025144
            0.024907
            0.024700
            0.013195
            0.024276
            0.051018
            0.055905
            0.048123
            0.070544
            0.027305
            0.026325
            0.024891
            0.023786
            0.024887
            0.026325
            0.008250
            0.052651
            0.020373
            0.026967
            0.008231
            0.025049
            0.039630
            0.026836
            0.024892
            0.071945
            0.036427
            0.024898
            0.054850
            0.036838
            0.033128
            0.025896
            0.032498
            0.041691
            0.014659
            0.051896
            0.065281
            0.026200
            0.008235
            0.023899
            0.024878
            0.025069
            0.024873
            0.048296
            0.023472
            0.054637
            0.021043
            0.020414
            0.024798
            0.023891
            0.024886
            0.025056
            0.024877
            0.026241
            0.008224
            0.025186
            0.024898
            0.065440
            0.008220
            0.063491
            0.029225
            0.023909
            0.008239
            0.026317
            0.008232
            0.024941
            0.024899
            0.055421
            0.019609
            0.048407
            0.034854
            0.050487
            0.020734
            0.021117
            0.025018
            0.022987
            0.024875
            0.025072
            0.008235
            0.026306
            0.008239
            0.050663
            0.020582
            0.024308
            0.029208
            0.023933
            0.008236
            0.049815
            0.034687
            0.025749
            0.008229
            0.025050
            0.024209
            0.058383
            0.024883
            0.050783
            0.020408
            0.028781
            0.008241
            0.025053
            0.052431
            0.039158
            0.024893
            0.025052
            0.024896
            0.053455
            0.038147
            0.023724
            0.024889
            0.026376
            0.008243
            0.056978
            0.034389
            0.025129
            0.008236
            0.023854
            0.024887
            0.026384
            0.024904
            0.050912
            0.023692
            0.025139
            0.008244
            0.023970
            0.024877
            0.048512
            0.035925
            0.025059
            0.024812
            0.025062
            0.058186
            0.025240
            0.008249
            0.047328
            0.035835
            0.025120
            0.008245
            0.024888
            0.024894
            0.048099
            0.035042
            0.025096
            0.008203
            0.049609
            0.033920
            0.023739
            0.008236
            0.048790
            0.035718
            0.025108
            0.026870
            0.025048
            0.024907
            0.047523
            0.033751
            0.027039
            0.022907
            0.048035
            0.034930
            0.025044
            0.024888
            0.025334
            0.024897
            0.024773
            0.008233
            0.025146
            0.024886
            0.025062
            0.049949
            0.064852
            0.035168
            0.040404
            0.059203
            0.025336
            0.024902
            0.054034
            0.044059
            0.026615
            0.008249
            0.025058
            0.024885
            0.031666
            0.024897
            0.025684
            0.033229
            0.032729
            0.028814
            0.068823
            0.035498
            0.025050
            0.049872
            0.051332
            0.037806
            0.036430
            0.033203
            0.026133
            0.033223
            0.024028
            0.033195
            0.049710
            0.039472
            0.027450
            0.024874
            0.025050
            0.024890
            0.049847
            0.041766
            0.033367
            0.024896
            0.025040
            0.024898
            0.049073
            0.035323
            0.048784
            0.022542
            0.027508
            0.008242
            0.025061
            0.024883
            0.051383
            0.033203
            0.031383
            0.026862
            0.024760
            0.049969
            0.025208
            0.024914
            0.024778
            0.065968
            0.051073
            0.032994
            0.033212
            0.024800
            0.024046
            0.024895
            0.033390
            0.024898
