             column1
            1.549991
            1.258756
            1.401181
            1.154908
            1.388412
            1.210454
            1.540946
            1.241472
            1.668977
            1.287708
            1.299154
            1.179027
            1.461218
            1.179144
            1.428393
            1.221717
            1.394036
            1.190215
            1.688388
            1.211707
            1.428055
            1.125951
            1.475794
            1.166559
            1.385497
            1.108185
            1.408517
            1.111224
            1.327311
            1.263473
            1.378012
            1.148438
            1.452559
            1.250012
            1.415057
            1.098573
            1.304593
            1.096087
            1.388836
            1.084485
            1.366351
            1.242038
            1.366311
            1.113320
            1.415758
            1.299822
            1.362391
            1.157947
            1.436637
            1.240287
            1.415037
            1.100571
            1.475946
            1.162468
            1.392731
            1.131375
            1.568132
            1.100713
            1.400861
            1.091538
            1.416965
            1.137600
            1.437428
            1.154587
            1.459489
            1.126864
            1.394482
            1.140571
            1.479891
            1.144284
            1.437454
            1.098917
            1.571069
            1.189289
            1.422729
            1.224944
            1.337715
            1.163888
            1.378664
            1.137457
            1.395456
            1.091118
            1.492589
            1.144901
            1.417091
            1.083298
            1.444630
            1.133791
            1.442853
            1.157341
            1.410286
            1.203541
            1.364411
            1.442247
            1.436479
            1.156106
            1.387730
            1.204737
            1.401902
            1.073586
            1.339558
            1.075286
            1.365749
            1.108875
            1.548918
            1.071560
            1.375312
            1.051198
            1.446876
            1.083776
            1.468928
            1.079032
            1.350152
            1.120731
            1.346698
            1.122297
            1.484612
            1.089128
            1.275960
            1.123489
            1.525555
            1.042011
            1.316861
            1.091235
            1.439145
            1.065137
            1.357200
            1.045474
            1.376712
            1.091210
            1.319777
            1.082664
            1.408056
            1.079045
            1.357269
            1.022560
            1.346653
            1.132851
            1.306422
            1.072179
            1.443060
            1.032221
            1.331966
            1.127736
            1.263188
            1.162420
            1.457031
            1.097394
            1.253588
            1.174223
            1.547582
            1.259721
            1.398730
            1.156764
            1.388323
            1.210264
            1.538303
            1.244348
            1.637280
            1.144186
            1.452000
            1.174721
            1.457683
            1.171928
            1.426740
            1.207916
            1.397113
            1.192056
            1.719529
            1.211096
            1.403208
            1.153630
            1.482440
            1.158637
            1.380625
            1.113269
            1.421354
            1.107976
            1.336437
            1.263888
            1.477772
            1.159362
            1.423774
            1.256592
            1.412158
            1.134042
            1.305361
            1.083420
            1.382299
            1.087390
            1.380751
            1.266572
            1.363495
            1.105525
            1.393794
            1.304943
            1.337823
            1.150533
            1.549549
            1.139190
            1.434528
            1.102118
            1.458784
            1.180515
            1.378768
            1.157277
            1.551810
            1.125510
            1.411432
            1.080716
            1.398288
            1.151084
            1.445389
            1.140316
            1.469845
            1.117389
            1.341060
            1.172747
            1.473442
            1.135711
            1.464843
            1.139390
            1.551020
            1.095973
            1.420289
            1.224809
            1.338539
            1.161890
            1.383500
            1.137132
