             column1            
            0.955505
            0.879679
            1.167035
            0.899287
            1.114729
            0.839335
            1.133900
            0.849518
            1.168997
            0.830229
            1.177975
            0.858270
            1.226536
            0.817624
            1.097310
            0.853653
            1.172366
            0.816064
            1.136987
            0.843066
            1.141728
            0.935443
            1.203642
            0.896296
            1.193131
            0.896632
            1.090812
            0.899753
            1.161034
            0.820124
            1.204592
            0.994017
            1.113358
            0.840860
            1.140236
            0.935613
            1.163064
            0.882983
            1.194531
            0.844361
            1.246091
            0.917692
            1.246464
            0.815544
            1.196939
            0.839039
            1.238451
            0.887435
            1.137700
            0.874277
            1.152856
            0.919236
            1.147358
            0.947118
            1.167602
            0.856583
            1.165154
            0.885434
            1.126996
            0.948700
            1.245669
            0.937577
            1.137832
            0.949481
            1.156664
            1.100289
            1.124265
            0.895317
            1.109370
            0.917022
            1.154681
            0.926406
            1.123216
            0.773856
            0.934079
            0.849236
            0.986705
            0.784667
            0.937757
            0.799514
            1.177385
            0.890887
            0.981762
            0.828720
            1.336849
            0.747667
            1.016001
            0.960470
            0.975616
            0.881233
            1.159674
            0.799830
            1.046666
            0.759852
            0.964816
            0.842174
            1.009051
            0.834786
            1.163194
            0.886713
            1.279359
            0.912849
            1.140790
            0.893332
