             column1
            0.037849
            0.024863
            0.025035
            0.016539
            0.076592
            0.032367
            0.049364
            0.016547
            0.025063
            0.016571
            0.051687
            0.031583
            0.025053
            0.016640
            0.024915
            0.016608
            0.066756
            0.016538
            0.024969
            0.016613
            0.052003
            0.031258
            0.024995
            0.016639
            0.025698
            0.016595
            0.053316
            0.029229
            0.025026
            0.016580
            0.025023
            0.016605
            0.053575
            0.029688
            0.025035
            0.016589
            0.024993
            0.058266
            0.025052
            0.016584
            0.025667
            0.016637
            0.074657
            0.041880
            0.041680
            0.024916
            0.056960
            0.026294
            0.083089
            0.041149
            0.050642
            0.024219
            0.050655
            0.024269
            0.079275
            0.044969
            0.051430
            0.024094
            0.071485
            0.037451
            0.041636
            0.032575
            0.042349
            0.033270
            0.070464
            0.037079
            0.041655
            0.033257
            0.041653
            0.033308
            0.071812
            0.037134
            0.057539
            0.033994
            0.041596
            0.032519
            0.084077
            0.024137
            0.041719
            0.032599
            0.080668
            0.028216
            0.041113
            0.025468
            0.049535
            0.033080
            0.072439
            0.028780
            0.041681
            0.032532
            0.041696
            0.017251
            0.071351
            0.052372
            0.067903
            0.133082
            0.066685
            0.072958
            0.034630
            0.016550
            0.025082
            0.016602
            0.051684
            0.031472
            0.025096
            0.016531
            0.025062
            0.016555
            0.051928
            0.031326
            0.025069
            0.016570
            0.025041
            0.016566
            0.052033
            0.031229
            0.025064
            0.016571
            0.052157
            0.031094
            0.025041
            0.016560
            0.025070
            0.016551
            0.052315
            0.030947
            0.025175
            0.016537
            0.024985
            0.016539
            0.049606
            0.026039
            0.025049
            0.016567
            0.025068
            0.016570
            0.065998
            0.016560
            0.025055
            0.016559
            0.049892
            0.025835
            0.025222
            0.016360
            0.025027
            0.016564
            0.057632
            0.058953
            0.048803
            0.017741
            0.049356
            0.017227
            0.064731
            0.034491
            0.041704
            0.017275
            0.033391
            0.048040
            0.042829
            0.017278
            0.040990
            0.033233
            0.075450
            0.041127
            0.041731
            0.025544
            0.041819
            0.031942
            0.067657
            0.032732
            0.041249
            0.033215
            0.041722
            0.016985
            0.067325
            0.032608
            0.025743
            0.024885
            0.041718
            0.065372
            0.041710
            0.017724
            0.049344
            0.033900
            0.062643
            0.028959
            0.041052
            0.017211
            0.041024
            0.017238
            0.062795
            0.028790
            0.041020
            0.017261
            0.041005
            0.017276
            0.075002
            0.032522
            0.041725
            0.017229
            0.125546
            0.082630
            0.157795
            0.016989
            0.025044
            0.016579
            0.049623
            0.025309
            0.025058
            0.016571
            0.032689
            0.016566
            0.051617
            0.031643
            0.025054
            0.016569
            0.025054
            0.043246
            0.040006
            0.016590
            0.025063
            0.016536
            0.051854
            0.031421
            0.025049
            0.016575
            0.025040
            0.016579
            0.052001
            0.031415
            0.024898
            0.016559
            0.025045
            0.016560
            0.051130
            0.032151
            0.025044
            0.016574
            0.025055
            0.050568
            0.025064
            0.016559
            0.025054
            0.016559
            0.050749
            0.032524
            0.025047
            0.016562
            0.025054
            0.016565
            0.050929
            0.032352
            0.025069
            0.016550
            0.032413
            0.017542
            0.108348
            0.016519
            0.041018
            0.016555
            0.051915
            0.040360
            0.033380
            0.024887
            0.033394
            0.024917
            0.060543
            0.030324
            0.025752
            0.024897
            0.033376
            0.024905
            0.059854
            0.039353
            0.025745
            0.024896
            0.050019
            0.032512
            0.075736
            0.032522
            0.041701
            0.017263
            0.064892
            0.035024
            0.041692
            0.032252
            0.041700
            0.017532
            0.069961
            0.029956
            0.041027
            0.017235
            0.041021
            0.017262
            0.070089
            0.037470
            0.041446
            0.016816
            0.041455
            0.058462
            0.041463
            0.016817
            0.034055
            0.032524
            0.066118
            0.051157
            0.049101
            0.033211
            0.058365
            0.066514
            0.116421
            0.026003
            0.025052
            0.016563
            0.025057
            0.016563
            0.075029
            0.016584
            0.025050
            0.016568
            0.054233
            0.029042
            0.032670
            0.016569
            0.025057
            0.016563
            0.054388
            0.028898
            0.025035
            0.016567
            0.025063
            0.016561
            0.054517
            0.028757
            0.025054
            0.016560
            0.025050
            0.016565
            0.066716
            0.016553
            0.025058
            0.016562
            0.054771
            0.028534
            0.025019
            0.016567
            0.025050
            0.016569
            0.054978
            0.028305
            0.025037
            0.016565
            0.025056
            0.016578
            0.055069
            0.028205
            0.025040
            0.016624
            0.024986
            0.058222
            0.025052
            0.016567
            0.025747
            0.016530
            0.055325
            0.027947
            0.025057
            0.016565
            0.025051
            0.016592
            0.063786
            0.036123
            0.040999
            0.016563
            0.025058
            0.016562
            0.056330
            0.027619
            0.033383
            0.024897
            0.058870
            0.032716
            0.033389
            0.024881
            0.033401
            0.024872
            0.059003
            0.032591
            0.033368
            0.024899
            0.033404
            0.024877
            0.064938
            0.030638
            0.029382
            0.024899
            0.033362
            0.024897
            0.066714
            0.033200
            0.041704
            0.042061
            0.080886
            0.043487
            0.041697
            0.017110
            0.041707
            0.032665
            0.064903
            0.027232
            0.041160
            0.017110
            0.041161
            0.017112
            0.064515
            0.027087
            0.041713
            0.033204
            0.041751
            0.056540
            0.051674
            0.033213
            0.041706
            0.033215
            0.065152
            0.025868
            0.025046
            0.016567
            0.025057
            0.016567
            0.049243
            0.025701
            0.025064
            0.016558
            0.025048
            0.016570
            0.049360
            0.025590
            0.025038
            0.016565
            0.049492
            0.026068
            0.041110
            0.016585
            0.025026
            0.016568
            0.053378
            0.029894
            0.033985
            0.016561
            0.025052
            0.024280
            0.108030
            0.025792
            0.025052
            0.016565
            0.025059
            0.016566
            0.058445
            0.016509
            0.025048
            0.016573
            0.066021
            0.025565
            0.025053
            0.016568
            0.025055
            0.016570
            0.049490
            0.025456
            0.025065
            0.016555
            0.025055
            0.016573
            0.049635
            0.041960
            0.058361
            0.031887
            0.026376
            0.041270
            0.033664
            0.016576
            0.025070
            0.016551
            0.049884
            0.032714
            0.025738
            0.016557
            0.025086
            0.016523
            0.058293
            0.032633
            0.025736
            0.016569
            0.025055
            0.016569
            0.050139
            0.032436
            0.025774
            0.016541
            0.025047
            0.049889
            0.025060
            0.024189
            0.034077
            0.024191
            0.067738
            0.032174
            0.041695
            0.033231
            0.041696
            0.033218
            0.067896
            0.032040
            0.025740
            0.016570
            0.025051
            0.016572
            0.065983
            0.025615
            0.025053
            0.016564
            0.050843
            0.031705
            0.041044
            0.025573
            0.050001
            0.017300
            0.068926
            0.046913
            0.050757
            0.033227
            0.048612
            0.033883
            0.076739
            0.032298
            0.041663
            0.032466
            0.025044
            0.043426
            0.039850
            0.016580
            0.025054
            0.016556
            0.052015
            0.031261
            0.025049
            0.016562
            0.025049
            0.016568
            0.052168
            0.031118
            0.025056
            0.016568
            0.025048
            0.016567
            0.052292
            0.030978
            0.025050
            0.016561
            0.025090
            0.058174
            0.025045
            0.016576
            0.025066
            0.016543
            0.054107
            0.029158
            0.025051
            0.016573
            0.025053
            0.016564
            0.052656
            0.030616
            0.025057
            0.016565
            0.025867
            0.016559
            0.066711
            0.016567
            0.025047
            0.016571
            0.052120
            0.039476
            0.025055
            0.016569
            0.025056
            0.016564
            0.130791
            0.042584
            0.043173
            0.033223
            0.049174
            0.024889
            0.054718
            0.028547
            0.034394
            0.023924
            0.034220
            0.016552
            0.065850
            0.025765
            0.032466
            0.025761
            0.054174
            0.028229
            0.050048
            0.017420
            0.025055
            0.016623
            0.054299
            0.028039
            0.034252
            0.016572
            0.025053
            0.016566
            0.062792
            0.036246
            0.041759
            0.024830
            0.041705
            0.066539
            0.041696
            0.033220
            0.041703
            0.033215
            0.055669
            0.035927
            0.025952
            0.016573
            0.032468
            0.025799
            0.056816
            0.025547
            0.034297
            0.016567
            0.025044
            0.016570
            0.065811
            0.017461
            0.025047
            0.016574
            0.096842
            0.061369
            0.058343
            0.033217
            0.049092
            0.032597
            0.065226
            0.026990
            0.025043
            0.016574
            0.025044
            0.016567
            0.049894
            0.034333
            0.025043
            0.016560
            0.032428
            0.016580
            0.067656
            0.016567
            0.025051
            0.016573
            0.054029
            0.028289
            0.025048
            0.016568
            0.025071
            0.016545
            0.050281
            0.033961
            0.032397
            0.016574
            0.025058
            0.016561
            0.050416
            0.041183
            0.025050
            0.016561
            0.025059
            0.066555
            0.025026
            0.016566
            0.025058
            0.016564
            0.050657
            0.033596
            0.025054
            0.016567
            0.025053
            0.016571
            0.055945
            0.026350
            0.026039
            0.016574
            0.025048
            0.016573
            0.099855
            0.050012
            0.058363
            0.033206
            0.083311
            0.039919
            0.051688
            0.033229
            0.048345
            0.033214
            0.066335
            0.026927
            0.025044
            0.016569
            0.025050
            0.016570
            0.058626
            0.032974
            0.025047
            0.016582
            0.025043
            0.016569
            0.058390
            0.016568
            0.025044
            0.016578
            0.049154
            0.033050
            0.041065
            0.033248
            0.035043
            0.016569
            0.058978
            0.049495
            0.058356
            0.041545
            0.058346
            0.033213
            0.074200
            0.034045
            0.025053
            0.016570
            0.025047
            0.040889
            0.050483
            0.016795
            0.025046
            0.016573
            0.060429
            0.031169
            0.033159
            0.016785
            0.025055
            0.016588
            0.073779
            0.026105
            0.025055
            0.016566
            0.041703
            0.016564
            0.049865
            0.041790
            0.141356
            0.016559
            0.049317
            0.025634
            0.025051
            0.016573
            0.025046
            0.016585
            0.049444
            0.025491
            0.033548
            0.016575
            0.025039
            0.016576
            0.051849
            0.031244
            0.025054
            0.016578
            0.025047
            0.016567
            0.058386
            0.016578
            0.025043
            0.016567
            0.060663
            0.031084
            0.025053
            0.016566
            0.025068
            0.016547
            0.052329
            0.030946
            0.025048
            0.016567
            0.025052
            0.016570
            0.052492
            0.030668
            0.025150
            0.016574
            0.025046
            0.044157
            0.039114
            0.016567
            0.025052
            0.016569
            0.052809
            0.030340
            0.025049
            0.016572
            0.025045
            0.016582
            0.069722
            0.046946
            0.041698
            0.031276
            0.041697
            0.026753
            0.067247
            0.032753
            0.025055
            0.016565
            0.025052
            0.058221
            0.041703
            0.031273
            0.041701
            0.026752
            0.070713
            0.043995
            0.051888
            0.033213
            0.048165
            0.033218
            0.077791
            0.038781
            0.051894
            0.033220
            0.048157
            0.026759
            0.083405
            0.033215
            0.056432
            0.033216
            0.072479
            0.044094
            0.043614
            0.033217
            0.050032
            0.024833
            0.067994
            0.040307
            0.049984
            0.033218
            0.048153
            0.026758
            0.068103
            0.031890
            0.025007
            0.016576
            0.025046
            0.045912
            0.052070
            0.026808
            0.041702
            0.024930
            0.076694
            0.048207
            0.050011
            0.033209
            0.048089
            0.026831
            0.076801
            0.048092
            0.041699
            0.016586
            0.025057
            0.016559
            0.051940
            0.031333
            0.025053
            0.016568
            0.033336
            0.058248
            0.025026
            0.016569
            0.025073
            0.016567
            0.055166
            0.028111
            0.050006
            0.016565
            0.050043
            0.016598
            0.055282
            0.027937
            0.025052
            0.016560
            0.025050
            0.016573
            0.066715
            0.016557
            0.025052
            0.016569
            0.055638
            0.027624
            0.025047
            0.016571
            0.025051
            0.016572
            0.047615
            0.027325
            0.025062
            0.016562
            0.025047
            0.016574
            0.047732
            0.027221
            0.025055
            0.016577
            0.025044
            0.016559
            0.058371
            0.016570
            0.033454
            0.031183
            0.074863
            0.041704
            0.041702
            0.026942
            0.041702
            0.024775
            0.064793
            0.041534
            0.027084
            0.016570
            0.025054
            0.016567
            0.070109
            0.038549
            0.041163
            0.025001
            0.056299
            0.066542
            0.052073
            0.033241
            0.047965
            0.033215
            0.080739
            0.052517
            0.050026
            0.026918
            0.047961
            0.026947
            0.070474
            0.029459
            0.025044
            0.016571
            0.031299
            0.026821
            0.081445
            0.033206
            0.051935
            0.033220
            0.073869
            0.040785
            0.051942
            0.033216
            0.050208
            0.031114
            0.067603
            0.034415
            0.041531
            0.016740
            0.041522
            0.016746
            0.055652
            0.044294
            0.049821
            0.033218
            0.058348
            0.033217
            0.075216
            0.016566
            0.025052
            0.016571
            0.055876
            0.027411
            0.025052
            0.016572
            0.025037
            0.016569
            0.055980
            0.027084
            0.025050
            0.016564
            0.025054
            0.016571
            0.050010
            0.024934
            0.025052
            0.016572
            0.033595
            0.058223
            0.025074
            0.016548
            0.025062
            0.016555
            0.058410
            0.041281
            0.025064
            0.016554
            0.025056
            0.016566
            0.060091
            0.031499
            0.025057
            0.016562
            0.025050
            0.016580
            0.060283
            0.031298
            0.025053
            0.016566
            0.052090
            0.031186
            0.025048
            0.016571
            0.025060
            0.016558
            0.051697
            0.031568
            0.025060
            0.016561
            0.025053
            0.025166
            0.077086
            0.031173
            0.025035
            0.016570
            0.031151
            0.027147
            0.072775
            0.026826
            0.041696
            0.025192
            0.068429
            0.039826
            0.025051
            0.016568
            0.041389
            0.016881
            0.051920
            0.045767
            0.052245
            0.032916
            0.042007
            0.033221
            0.068696
            0.045627
            0.052276
            0.033211
            0.047816
            0.051352
            0.056887
            0.027116
            0.041691
            0.024562
            0.070002
            0.030263
            0.025043
            0.016588
            0.025086
            0.022642
            0.080360
            0.036173
            0.051924
            0.033209
            0.058344
            0.033219
            0.070356
            0.046229
            0.025393
            0.016567
            0.052641
            0.038961
            0.041704
            0.024529
            0.050395
            0.033218
            0.078575
            0.029670
            0.041702
            0.016568
            0.025051
            0.016586
            0.053751
            0.045772
            0.048197
            0.018782
            0.025053
            0.016567
            0.064379
            0.026827
            0.025055
            0.016562
            0.050698
            0.032575
            0.025048
            0.016575
            0.025051
            0.016569
            0.050825
            0.032855
            0.025050
            0.016566
            0.025054
            0.016567
            0.050558
            0.032717
            0.032967
            0.016544
            0.025053
            0.046475
            0.036798
            0.033232
            0.025030
            0.016572
            0.051221
            0.032048
            0.025049
            0.017011
            0.032940
            0.016562
            0.055249
            0.028019
            0.025046
            0.016572
            0.025056
            0.016565
            0.055382
            0.027913
            0.025031
            0.016563
            0.025058
            0.058228
            0.025040
            0.016565
            0.025047
            0.016578
            0.068383
            0.048660
            0.041680
            0.030807
            0.041696
            0.026848
            0.064171
            0.036217
            0.041699
            0.030800
            0.041696
            0.026824
            0.081427
            0.026820
            0.041694
            0.025402
            0.068303
            0.031602
            0.041698
            0.033225
            0.047598
            0.033215
            0.081921
            0.042973
            0.052460
            0.033214
            0.058357
            0.032710
            0.064820
            0.043405
            0.041706
            0.017093
            0.041169
            0.046798
            0.067862
            0.033222
            0.051926
            0.033219
            0.072065
            0.042582
            0.051944
            0.033226
            0.041708
            0.025489
            0.068930
            0.030961
            0.041131
            0.025436
            0.041698
            0.030737
            0.079925
            0.038571
            0.050585
            0.033217
            0.049456
            0.067124
            0.041696
            0.016571
            0.041701
            0.016562
            0.065180
            0.025841
            0.025048
            0.016569
            0.025049
            0.016574
            0.049280
            0.025677
            0.025043
            0.016572
            0.025044
            0.016570
            0.058458
            0.016494
            0.025063
            0.016551
            0.057961
            0.025299
            0.034005
            0.016565
            0.025045
            0.016572
            0.057454
            0.025208
            0.025046
            0.016583
            0.025033
            0.016571
            0.049905
            0.025038
            0.025059
            0.016558
            0.025048
            0.016582
            0.075015
            0.016595
            0.025024
            0.016575
            0.050209
            0.041386
            0.025051
            0.033279
            0.025012
            0.016548
            0.054298
            0.029612
            0.025050
            0.016566
            0.025059
            0.016562
            0.084481
            0.037810
            0.041704
            0.026856
            0.041682
            0.066561
            0.041690
            0.025551
            0.041711
            0.030596
            0.074586
            0.035589
            0.041698
            0.031286
            0.041698
            0.027521
            0.072097
            0.027833
            0.041101
            0.025496
            0.049319
            0.025592
            0.089063
            0.033208
            0.052648
            0.033217
            0.073629
            0.042927
            0.058351
            0.033217
            0.055724
            0.033211
            0.071347
            0.031217
            0.040973
            0.017290
            0.040978
            0.017294
            0.074150
            0.039777
            0.051934
            0.033230
            0.058338
            0.033228
            0.081432
            0.033220
            0.041692
            0.026817
            0.069898
            0.039094
            0.032617
            0.017338
            0.041702
            0.033209
            0.073017
            0.043549
            0.049258
            0.033222
            0.050792
            0.024121
            0.053555
            0.029717
            0.041708
            0.016568
            0.025045
            0.058218
            0.025048
            0.016571
            0.025048
            0.016572
            0.068330
            0.031585
            0.025053
            0.016567
            0.025062
            0.016559
            0.051799
            0.031470
            0.034182
            0.016561
            0.025050
            0.016570
            0.051107
            0.040501
            0.025059
            0.016581
            0.051217
            0.039553
            0.025045
            0.016567
            0.025045
            0.016578
            0.052158
            0.031107
            0.025056
            0.016575
            0.025037
            0.016571
            0.054665
            0.028608
            0.025047
            0.016566
            0.025056
            0.016570
            0.059214
            0.016569
            0.025053
            0.016567
            0.049253
            0.025685
            0.025052
            0.033228
            0.049200
            0.025717
            0.066012
            0.042241
            0.040846
            0.017414
            0.040852
            0.017414
            0.066143
            0.032931
            0.041705
            0.025737
            0.041697
            0.054442
            0.052933
            0.017462
            0.040803
            0.017473
            0.066397
            0.032623
            0.048097
            0.026820
            0.041694
            0.025792
            0.066518
            0.041722
            0.047214
            0.033241
            0.041680
            0.033212
            0.077787
            0.038782
            0.052854
            0.033217
            0.083413
            0.046984
            0.043594
            0.017497
            0.040768
            0.017506
            0.063637
            0.041770
            0.043602
            0.033219
            0.056430
            0.033216
            0.066651
            0.043519
            0.050952
            0.030378
            0.044592
            0.033181
            0.083357
            0.033217
            0.041696
            0.033229
            0.067263
            0.049302
            0.032415
            0.016565
            0.025052
            0.016571
            0.048553
            0.026387
            0.025050
            0.016568
            0.025048
            0.016569
            0.048710
            0.026239
            0.025048
            0.016564
            0.025054
            0.040377
            0.034571
            0.016563
            0.025054
            0.016569
            0.049025
            0.025931
            0.025045
            0.016559
            0.025055
            0.016566
            0.049172
            0.025778
            0.025048
            0.016569
            0.026054
            0.016569
            0.051370
            0.031904
            0.025049
            0.016571
            0.025054
            0.057209
            0.025051
            0.016570
            0.025042
            0.016570
            0.049643
            0.025311
            0.025048
            0.016573
            0.025043
            0.016575
            0.049810
            0.041790
            0.051044
            0.023866
            0.041700
            0.031279
            0.076963
            0.017609
            0.040657
            0.025931
            0.068624
            0.039623
            0.048996
            0.025926
            0.041698
            0.030233
            0.065724
            0.037193
            0.040641
            0.017634
            0.040646
            0.017620
            0.066008
            0.033921
            0.041690
            0.030213
            0.041702
            0.057478
            0.037136
            0.032120
            0.041692
            0.017677
            0.069108
            0.038030
            0.048114
            0.033197
            0.044714
            0.032136
            0.080940
            0.042037
            0.044708
            0.033219
            0.055336
            0.033226
            0.072413
            0.037728
            0.041697
            0.031311
            0.041694
            0.066556
            0.051933
            0.033216
            0.056429
            0.018484
            0.170664
            0.046967
            0.041670
            0.033228
            0.041693
            0.033221
            0.068336
            0.030441
            0.025047
            0.016564
            0.025052
            0.016562
            0.066712
            0.016575
            0.025038
            0.016573
            0.053169
            0.030101
            0.025051
            0.016560
            0.026225
            0.016569
            0.053515
            0.029764
            0.025044
            0.016568
            0.025060
            0.016563
            0.060612
            0.029803
            0.025053
            0.016570
            0.025044
            0.016569
            0.066707
            0.016568
            0.025052
            0.016562
            0.053793
            0.029494
            0.025032
            0.016576
            0.026239
            0.016567
            0.055304
            0.027978
            0.025052
            0.016566
            0.025061
            0.016564
            0.055464
            0.034918
            0.025060
            0.016568
            0.025062
            0.074240
            0.051861
            0.031986
            0.042935
            0.031991
            0.071040
            0.028883
            0.041065
            0.017206
            0.041063
            0.017190
            0.066258
            0.034906
            0.041702
            0.031971
            0.041702
            0.017820
            0.082110
            0.017817
            0.041696
            0.031959
            0.071519
            0.028412
            0.041061
            0.017205
            0.041061
            0.017200
            0.067929
            0.031972
            0.041082
            0.017187
            0.041084
            0.017180
            0.068094
            0.033116
            0.041699
            0.031928
            0.041704
            0.033216
            0.066701
            0.032597
            0.051939
            0.041544
            0.081527
            0.041448
            0.043622
            0.033222
            0.056424
            0.033223
            0.069076
            0.047500
            0.060259
            0.047956
            0.050618
            0.026254
            0.071136
            0.044076
            0.058346
            0.033214
            0.043043
            0.065201
            0.041702
            0.017910
            0.041696
            0.031877
            0.064478
            0.028478
            0.041682
            0.031868
            0.041699
            0.017930
            0.075936
            0.030957
            0.041085
            0.017180
            0.041096
            0.017172
            0.064785
            0.026814
            0.041089
            0.017168
            0.064945
            0.026656
            0.041097
            0.017172
            0.041092
            0.017175
            0.065092
            0.026513
            0.041088
            0.017165
            0.041095
            0.017174
            0.067417
            0.042224
            0.056961
            0.034610
            0.056954
            0.017967
            0.090267
            0.017980
            0.048011
            0.026915
            0.076631
            0.046257
            0.041681
            0.025496
            0.041697
            0.026319
            0.072627
            0.042521
            0.049421
            0.025496
            0.049415
            0.025494
            0.065877
            0.041767
            0.041700
            0.017167
            0.041104
            0.043552
            0.050092
            0.031771
            0.041694
            0.018034
            0.068762
            0.045729
            0.058342
            0.026978
            0.041701
            0.031748
            0.066342
            0.025255
            0.041087
            0.017179
            0.041080
            0.017196
            0.062145
            0.029445
            0.041074
            0.025527
            0.070582
            0.037630
            0.041701
            0.026403
            0.041701
            0.031100
            0.063037
            0.037488
            0.041697
            0.032610
            0.041708
            0.017165
            0.068923
            0.049176
            0.041693
            0.031088
            0.043835
            0.033219
            0.083359
            0.033204
            0.047890
            0.033225
            0.177434
            0.039023
            0.041692
            0.033228
            0.050628
            0.026435
            0.078024
            0.044725
            0.041684
            0.017179
            0.041094
            0.017168
            0.063042
            0.036881
            0.041706
            0.032609
            0.041691
            0.044573
            0.055355
            0.017173
            0.041091
            0.017176
            0.069241
            0.039007
            0.041694
            0.026479
            0.041705
            0.031029
            0.064033
            0.038085
            0.041739
            0.031571
            0.041699
            0.024298
            0.064169
            0.044082
            0.041692
            0.017156
            0.041110
            0.058816
            0.043326
            0.031596
            0.026659
            0.033221
            0.084898
            0.040008
            0.048409
            0.033213
            0.041689
            0.032619
            0.064552
            0.037610
            0.041694
            0.033249
            0.047767
            0.027128
            0.081714
            0.024304
            0.041673
            0.033224
            0.079252
            0.031254
            0.047767
            0.027155
            0.041692
            0.031559
            0.070507
            0.031087
            0.041695
            0.031546
            0.041703
            0.024286
            0.079574
            0.037003
            0.041705
            0.025487
            0.049418
            0.054588
            0.053632
            0.024905
            0.041686
            0.027222
            0.069505
            0.028710
            0.041092
            0.017173
            0.041079
            0.017185
            0.064838
            0.035097
            0.049394
            0.025515
            0.041692
            0.026614
            0.086354
            0.028488
            0.041708
            0.026636
            0.041700
            0.066548
            0.047659
            0.027254
            0.041704
            0.031478
            0.073521
            0.042439
            0.052363
            0.033222
            0.047673
            0.033216
            0.232083
            0.051562
            0.041706
            0.033220
            0.041703
            0.032620
            0.077396
            0.030848
            0.044076
            0.030829
            0.066190
            0.042062
            0.041688
            0.017168
            0.041105
            0.017168
            0.065707
            0.035998
            0.041702
            0.031425
            0.041700
            0.026690
            0.070600
            0.035252
            0.041702
            0.027298
            0.041702
            0.031405
            0.075027
            0.026722
            0.050066
            0.023020
            0.064379
            0.027210
            0.041116
            0.017160
            0.041128
            0.033780
            0.064549
            0.027047
            0.025055
            0.033221
            0.050026
            0.026729
            0.071165
            0.034628
            0.041704
            0.027344
            0.041717
            0.073001
            0.041107
            0.017157
            0.026916
            0.033213
            0.074370
            0.039751
            0.041692
            0.025491
            0.043566
            0.039090
            0.068597
            0.033788
            0.041695
            0.031339
            0.041701
            0.024291
            0.077518
            0.030729
            0.041699
            0.025489
            0.065495
            0.036326
            0.041698
            0.022988
            0.041112
            0.017159
            0.065624
            0.025972
            0.041115
            0.017159
            0.041098
            0.017161
            0.065798
            0.025803
            0.041101
            0.017159
            0.041112
            0.017157
            0.074450
            0.017147
            0.041088
            0.017176
            0.066103
            0.033217
            0.050626
            0.033220
            0.041696
            0.024275
            0.069504
            0.031026
            0.041088
            0.017167
            0.041114
            0.017153
            0.069073
            0.046913
            0.058348
            0.033219
            0.044271
            0.198690
            0.099036
            0.033209
            0.041701
            0.032609
            0.067347
            0.024860
            0.041101
            0.017167
            0.041105
            0.017163
            0.066907
            0.032408
            0.041705
            0.027494
            0.041699
            0.031194
            0.067066
            0.032271
            0.041699
            0.027504
            0.066163
            0.040064
            0.041099
            0.017173
            0.041692
            0.032616
            0.070411
            0.038435
            0.041694
            0.024300
            0.050026
            0.017162
            0.068830
            0.031092
            0.041105
            0.017154
            0.041708
            0.033216
            0.083356
            0.032617
            0.041700
            0.017160
            0.069138
            0.030783
            0.041107
            0.017163
            0.041098
            0.017164
            0.061981
            0.037941
            0.041699
            0.026963
            0.055681
            0.025493
            0.070433
            0.045550
            0.050605
            0.024305
            0.041695
            0.053390
            0.054862
            0.017151
            0.041111
            0.017155
            0.062372
            0.037549
            0.049436
            0.025481
            0.041709
            0.026993
            0.076137
            0.030002
            0.041111
            0.017145
            0.041120
            0.017152
            0.062632
            0.045039
            0.050598
            0.033218
            0.086306
            0.030261
            0.041703
            0.028332
            0.041703
            0.029184
            0.063445
            0.037060
            0.036832
            0.021434
            0.053490
            0.029170
            0.063584
            0.040365
            0.045983
            0.028938
            0.041710
            0.029753
            0.078492
            0.021426
            0.041105
            0.017164
            0.063226
            0.044409
            0.045791
            0.033214
            0.054280
            0.033207
            0.070920
            0.045653
            0.045789
            0.033224
            0.046508
            0.028407
            0.059987
            0.044163
            0.041687
            0.017151
            0.041705
            0.046823
            0.053101
            0.032618
            0.041700
            0.017155
            0.063782
            0.036132
            0.041707
            0.028429
            0.041696
            0.021352
            0.071663
            0.035998
            0.045840
            0.029080
            0.041700
            0.025486
            0.079333
            0.028894
            0.032794
            0.029028
            0.041705
            0.071317
            0.053600
            0.033203
            0.046459
            0.033235
            0.079596
            0.048849
            0.045871
            0.017146
            0.041126
            0.017151
            0.071423
            0.028493
            0.041118
            0.017155
            0.041116
            0.017154
            0.074436
            0.017156
            0.041111
            0.017149
            0.064280
            0.043386
            0.045891
            0.029607
            0.041121
            0.017141
            0.064486
            0.027121
            0.041137
            0.017126
            0.041163
            0.017107
            0.064604
            0.026988
            0.041112
            0.017153
            0.041236
            0.040458
            0.051618
            0.032640
            0.041691
            0.017132
            0.065147
            0.026453
            0.041700
            0.033215
            0.041693
            0.033219
            0.065323
            0.026265
            0.041719
            0.033206
            0.041121
            0.017151
            0.065411
            0.026178
            0.041124
            0.017145
            0.041702
            0.066545
            0.041696
            0.032637
            0.041705
            0.017144
            0.065523
            0.026070
            0.041111
            0.017158
            0.041118
            0.017149
            0.065793
            0.025819
            0.041103
            0.017155
            0.045391
            0.033215
            0.087406
            0.033242
            0.058333
            0.033242
            0.083333
            0.041514
            0.045998
            0.028904
            0.041693
            0.025488
            0.074498
            0.033746
            0.041112
            0.017141
            0.041115
            0.017158
            0.066338
            0.025280
            0.041083
            0.017156
            0.041113
            0.017177
            0.074423
            0.017151
            0.041114
            0.017147
            0.066656
            0.024964
            0.041087
            0.017178
            0.041703
            0.032619
            0.067451
            0.041416
            0.045405
            0.033218
            0.054029
            0.020892
            0.079870
            0.041264
            0.053807
            0.028855
            0.041708
            0.062576
            0.045655
            0.029260
            0.041702
            0.029432
            0.067266
            0.036444
            0.041698
            0.028852
            0.041694
            0.025485
            0.076827
            0.031400
            0.041138
            0.017123
            0.045538
            0.033209
            0.065058
            0.031037
            0.041122
            0.017147
            0.069065
            0.030855
            0.041121
            0.017147
            0.041122
            0.017176
            0.068863
            0.031052
            0.041098
            0.017144
            0.041123
            0.017146
            0.069008
            0.030905
            0.041123
            0.017143
            0.041125
            0.017149
            0.083353
            0.033218
            0.049436
            0.033229
            0.086318
            0.038565
            0.050606
            0.033218
            0.041697
            0.028764
            0.074289
            0.046737
            0.041700
            0.028780
            0.041692
            0.028764
            0.070094
            0.030393
            0.041126
            0.017141
            0.041149
            0.045553
            0.046020
            0.029367
            0.041701
            0.029331
            0.077025
            0.038974
            0.046166
            0.033220
            0.053872
            0.033211
            0.087117
            0.042392
            0.045432
            0.033197
            0.042261
            0.033202
            0.070097
            0.029864
            0.041127
            0.017122
            0.070191
            0.041785
            0.029620
            0.032642
            0.041696
            0.017160
            0.061975
            0.037945
            0.041687
            0.033300
            0.041618
            0.032651
            0.062728
            0.041715
            0.041698
            0.029243
            0.041703
            0.024322
            0.075595
            0.033214
            0.025046
            0.033225
            0.071421
            0.045151
            0.054023
            0.033212
            0.046029
            0.033216
            0.070847
            0.037398
            0.041695
            0.028893
            0.046029
            0.028898
            0.066953
            0.041293
            0.037686
            0.032645
            0.041691
            0.045589
            0.050595
            0.029220
            0.041686
            0.024324
            0.063471
            0.044782
            0.058346
            0.029513
            0.041676
            0.029190
            0.070415
            0.033535
            0.041703
            0.029182
            0.041700
            0.024310
            0.063703
            0.040842
            0.041700
            0.029177
            0.070681
            0.029236
            0.041699
            0.028945
            0.041698
            0.028586
            0.071379
            0.045196
            0.046340
            0.033227
            0.053697
            0.035088
            0.088163
            0.043185
            0.043575
            0.033213
            0.056481
            0.033277
            0.076836
            0.031342
            0.043575
            0.033214
            0.071826
            0.030899
            0.055561
            0.031325
            0.041700
            0.021258
            0.076421
            0.037412
            0.041640
            0.027696
            0.041700
            0.028525
            0.065701
            0.034234
            0.041684
            0.029596
            0.041705
            0.058984
            0.044557
            0.029610
            0.045306
            0.029608
            0.067633
            0.037785
            0.041700
            0.027728
            0.041705
            0.030357
            0.072616
            0.038499
            0.041687
            0.028491
            0.041696
            0.026753
            0.071548
            0.036690
            0.048168
            0.021315
            0.041698
            0.063647
            0.041714
            0.031344
            0.041709
            0.021305
            0.068120
            0.037232
            0.041686
            0.031351
            0.043571
            0.049868
            0.079485
            0.045404
            0.041719
            0.033202
            0.044623
            0.033233
            0.083328
            0.028431
            0.058360
            0.029676
            0.069296
            0.038954
            0.045219
            0.029697
            0.041701
            0.021955
            0.065423
            0.042830
            0.041698
            0.031344
            0.041698
            0.021385
            0.070029
            0.035262
            0.041698
            0.031346
            0.041699
            0.058174
            0.054912
            0.033215
            0.053524
            0.033221
            0.075119
            0.046274
            0.045177
            0.033219
            0.043580
            0.031340
            0.066946
            0.041299
            0.041701
            0.021419
            0.041706
            0.030229
            0.072374
            0.033997
            0.041696
            0.029775
            0.028505
            0.068419
            0.048174
            0.033190
            0.051887
            0.033226
            0.081015
            0.043890
            0.041684
            0.027909
            0.045132
            0.035093
            0.065619
            0.042629
            0.041697
            0.023021
            0.041696
            0.029803
            0.078452
            0.026749
            0.041699
            0.027942
            0.070139
            0.033187
            0.041698
            0.029824
            0.041695
            0.030161
            0.065006
            0.037970
            0.041709
            0.028306
            0.041676
            0.026765
            0.066143
            0.042098
            0.041703
            0.023011
            0.041698
            0.029843
            0.086740
            0.033214
            0.041698
            0.029852
            0.071664
            0.033480
            0.041695
            0.028008
            0.041703
            0.028246
            0.069061
            0.035839
            0.041706
            0.030077
            0.044842
            0.033215
            0.071028
            0.032232
            0.041695
            0.033217
            0.054997
            0.071796
            0.058290
            0.033218
            0.044862
            0.033202
            0.079663
            0.040225
            0.041698
            0.033222
            0.041693
            0.021587
            0.072284
            0.032799
            0.041696
            0.033219
            0.041704
            0.031359
            0.068343
            0.036596
            0.041695
            0.021732
            0.067961
            0.043453
            0.044993
            0.026757
            0.044920
            0.029987
            0.066803
            0.036301
            0.041702
            0.028169
            0.046751
            0.033218
            0.081700
            0.046476
            0.046755
            0.033217
            0.053286
            0.029957
            0.086610
            0.029975
            0.041706
            0.021670
            0.068470
            0.042988
            0.041698
            0.030003
            0.041698
            0.023023
            0.077634
            0.047268
            0.043562
            0.033221
            0.056486
            0.033216
            0.112210
            0.054300
            0.041701
            0.030010
            0.041702
            0.048772
            0.054369
            0.026743
            0.041694
            0.028160
            0.065217
            0.031439
            0.058364
            0.023023
            0.050044
            0.021675
